D: 0.127502 0.053597 0.990389 
C: 169.325455 168.148376 168.429855 
D: 0.372749 0.156689 0.914607 
C: 183.332428 182.294937 182.112808 
D: 0.053899 0.124554 0.990748 
C: 169.784409 169.265488 170.138031 
D: 0.160584 0.371088 0.914607 
C: 182.542694 181.643021 181.405319 
D: 0.625761 0.263046 0.734323 
C: 227.235474 226.234512 226.016235 
D: 0.912323 0.383505 0.143493 
C: 618.817627 613.289795 610.720764 
D: 0.276093 0.620115 0.734323 
C: 228.903458 227.893417 227.618851 
D: 0.392734 0.907555 0.148672 
C: 615.832092 614.881287 614.616272 
D: -0.046850 0.130132 0.990389 
C: 170.681473 169.919815 169.666183 
D: -0.141777 0.381227 0.913545 
C: 183.454865 182.599747 182.349411 
D: -0.124522 0.060196 0.990389 
C: 170.631653 169.929794 169.672501 
D: -0.364319 0.180849 0.913545 
C: 183.505890 182.668198 182.425293 
D: -0.230586 0.640477 0.732543 
C: 230.356812 229.476440 229.213303 
D: -0.335104 0.930787 0.146083 
C: 618.802368 616.685486 615.385498 
D: -0.612866 0.296271 0.732543 
C: 229.914612 229.188416 229.007401 
D: -0.885757 0.439694 0.148672 
C: 615.842407 616.222595 617.774780 
D: 0.761048 0.212488 -0.612907 
C: 276.880951 272.408630 273.054016 
D: 0.504445 0.096228 -0.858065 
C: 256.189758 182.377716 145.469086 
D: 0.479453 0.689842 -0.542442 
C: 306.440338 305.520660 305.293274 
D: 0.333035 0.479174 -0.812084 
C: 204.902344 204.015594 203.800400 
D: 0.356559 0.091549 -0.929776 
C: 198.945313 178.324661 154.754547 
D: 0.127692 0.045972 -0.990748 
C: 180.297928 167.898300 160.102905 
D: 0.176418 0.271660 -0.946085 
C: 177.115387 176.558151 176.736343 
D: 0.050558 0.085489 -0.995056 
C: 170.892914 167.743835 166.528595 
D: -0.192482 0.820651 -0.538035 
C: 309.226746 308.376190 308.099670 
D: -0.134704 0.574315 -0.807475 
C: 207.079224 205.950867 205.640594 
D: -0.741117 0.407432 -0.533615 
C: 314.201447 313.014923 313.067719 
D: -0.518785 0.285205 -0.805928 
C: 208.470566 207.626328 207.419403 
D: -0.072472 0.340955 -0.937282 
C: 179.976852 178.622070 178.219879 
D: -0.024437 0.114969 -0.993068 
C: 168.161285 167.615646 168.017822 
D: -0.307605 0.169107 -0.936366 
C: 178.238907 177.481339 177.280167 
D: -0.100720 0.055371 -0.993373 
C: 167.462540 166.617630 166.355392 
D: -0.125717 -0.043779 0.991100 
C: 170.130859 169.248581 168.980545 
D: -0.361397 -0.125852 0.923880 
C: 180.801910 179.615051 179.279968 
D: -0.056680 -0.120452 0.991100 
C: 170.453018 169.288132 168.972427 
D: -0.162939 -0.346262 0.923880 
C: 181.101318 179.640671 179.181717 
D: -0.603871 -0.210290 0.768842 
C: 219.116257 218.131119 217.833847 
D: -0.896615 -0.312234 0.313992 
C: 516.396484 515.383362 515.165527 
D: -0.272260 -0.578582 0.768842 
C: 220.057144 218.539139 218.115707 
D: -0.404246 -0.859066 0.313992 
C: 516.965515 515.583191 515.134644 
D: 0.048050 -0.121360 0.991445 
C: 168.267944 167.077072 166.784363 
D: 0.137141 -0.357266 0.923880 
C: 182.232101 180.755493 180.436081 
D: 0.120850 -0.049318 0.991445 
C: 169.801498 167.960281 167.470795 
D: 0.354315 -0.144593 0.923880 
C: 183.737976 181.798355 181.233063 
D: 0.235393 -0.594535 0.768842 
C: 220.346161 218.778992 218.305664 
D: 0.349507 -0.882753 0.313992 
C: 516.712097 515.375488 514.977844 
D: 0.590172 -0.240845 0.770513 
C: 219.997299 218.000717 217.327988 
D: 0.878281 -0.358420 0.316477 
C: 519.211121 517.610352 517.088928 
D: -0.869625 -0.302835 -0.389928 
C: 430.190308 428.906555 428.579773 
D: -0.596235 -0.207631 -0.775496 
C: 216.609268 215.287384 214.913452 
D: -0.392077 -0.833206 -0.389928 
C: 430.124420 428.656830 428.200500 
D: -0.268817 -0.571265 -0.775496 
C: 217.119904 215.383286 214.916748 
D: -0.354534 -0.123462 -0.926857 
C: 180.872818 179.728210 179.393982 
D: -0.116325 -0.039148 -0.992439 
C: 169.733749 168.840698 168.578873 
D: -0.160877 -0.341881 -0.925871 
C: 180.448746 179.247833 178.917633 
D: -0.052258 -0.111054 -0.992439 
C: 169.862579 168.850235 168.636841 
D: 0.338986 -0.856180 -0.389928 
C: 429.871857 428.458344 428.008942 
D: 0.232416 -0.587017 -0.775496 
C: 216.856247 215.221100 214.802460 
D: 0.852584 -0.347933 -0.389928 
C: 430.649872 428.984039 428.416229 
D: 0.584551 -0.238551 -0.775496 
C: 218.452530 216.360458 215.661911 
D: 0.138200 -0.349053 -0.926857 
C: 180.510483 179.116089 178.795578 
D: 0.046138 -0.116532 -0.992115 
C: 170.089203 169.025040 168.764511 
D: 0.347586 -0.141847 -0.926857 
C: 183.875931 181.844467 181.268707 
D: 0.113637 -0.046374 -0.992439 
C: 170.172775 168.256638 167.731659 
