D: 0.323278 0.020339 0.946085 
C: 44.150314 39.761501 64.285019 
D: 0.893944 0.056242 -0.444635 
C: 52.886799 51.665546 103.592941 
D: 0.929891 0.117473 0.348572 
C: 72.803032 65.276237 134.914276 
D: 0.650323 0.096031 -0.753563 
C: 55.022171 54.413490 130.207733 
D: 0.371680 0.031211 -0.927836 
C: 45.631008 43.231842 79.298317 
D: 0.119716 0.010053 -0.992757 
C: 44.337650 41.568195 62.709213 
D: 0.372550 0.063012 -0.925871 
C: 42.523674 42.771011 87.431824 
D: 0.128698 0.021768 -0.991445 
C: 43.245358 40.258049 70.012466 
D: 0.443081 0.398952 0.802817 
C: 53.969204 44.647724 106.160004 
D: 0.534001 0.501460 0.680721 
C: 56.804802 52.850502 113.875443 
D: -0.519786 0.110484 0.847122 
C: 89.603851 37.705036 15.349401 
D: -0.701808 0.244396 0.669131 
C: 121.144440 43.968014 23.134634 
D: 0.813500 0.264322 -0.518027 
C: 76.265717 72.458900 138.329849 
D: 0.550464 0.166195 -0.818150 
C: 53.231831 48.292339 96.343132 
D: 0.123113 0.974542 0.187381 
C: 105.967705 72.384308 110.790810 
D: 0.013265 0.633242 -0.773840 
C: 77.593788 43.934944 64.259552 
