D: 0.144805 0.043719 0.988494 
C: 60.915428 55.535301 57.862705 
D: 0.525590 0.158685 0.835807 
C: 70.667671 65.725281 71.091408 
D: 0.149383 0.165907 0.974761 
C: 62.696518 56.603279 61.542286 
D: 0.419027 0.506516 0.753563 
C: 79.235939 72.170441 76.978210 
D: 0.709713 0.538702 0.453990 
C: 142.354813 133.334976 146.339172 
D: 0.619024 0.748272 0.238533 
C: 248.358398 241.835876 281.006439 
D: 0.374125 0.840299 0.392337 
C: 152.178009 148.326431 172.375549 
D: 0.411843 0.875210 0.253758 
C: 180.252335 177.798904 207.891510 
D: 0.106490 0.721148 0.684547 
C: 107.244926 99.547768 109.567871 
D: 0.150523 0.889946 0.430511 
C: 128.601730 126.501083 147.181229 
D: -0.130151 0.769501 0.625243 
C: 113.231850 106.928223 118.489777 
D: -0.131187 0.888394 0.439939 
C: 130.742401 129.375351 150.367416 
D: 0.193311 0.909459 0.368125 
C: 150.534851 148.360260 173.399200 
D: 0.201380 0.947417 0.248690 
C: 192.988480 191.376114 224.750778 
D: -0.096780 0.920799 0.377841 
C: 148.684341 147.362686 172.314941 
D: -0.060205 0.956928 0.284015 
C: 175.276199 175.151291 206.130920 
D: 0.677718 0.721696 -0.140901 
C: 331.024536 323.570038 373.638062 
D: 0.731209 0.464040 -0.500000 
C: 130.594254 121.909760 132.400543 
D: 0.439161 0.884684 -0.156434 
C: 235.571335 234.559982 273.567383 
D: 0.387134 0.822701 -0.416281 
C: 141.294571 139.066101 159.821472 
D: 0.505390 0.164211 -0.847122 
C: 71.274742 67.092888 72.191124 
D: 0.144805 0.043719 -0.988494 
C: 62.700375 57.980457 60.944935 
D: 0.403732 0.488028 -0.773840 
C: 77.109428 69.669441 75.055244 
D: 0.135854 0.157388 -0.978148 
C: 60.296890 55.983963 61.596611 
D: 0.205000 0.964450 -0.166769 
C: 239.087723 239.042053 278.481323 
D: 0.190377 0.895653 -0.401948 
C: 140.715790 139.173737 160.793152 
D: -0.060111 0.955430 -0.289032 
C: 181.652557 180.858597 209.089264 
D: -0.095268 0.906411 -0.411514 
C: 141.180618 139.975540 160.714523 
D: 0.129459 0.876697 -0.463296 
C: 119.319160 116.071739 132.026962 
D: 0.091933 0.622569 -0.777146 
C: 85.239594 77.236786 84.757278 
D: -0.128743 0.871849 -0.472551 
C: 113.434860 111.419968 126.916359 
D: -0.121569 0.718760 -0.684547 
C: 99.619171 92.690063 102.054886 
D: -0.083786 0.078680 0.993373 
C: 60.322628 54.204670 49.616364 
D: -0.475289 0.465437 0.746638 
C: 84.759857 73.241577 72.707291 
D: -0.167387 -0.039260 0.985109 
C: 61.670116 53.454197 47.502438 
D: -0.653644 -0.227623 0.721760 
C: 82.831581 73.223839 72.723106 
D: -0.374182 0.795177 0.477159 
C: 113.036446 111.213379 127.012657 
D: -0.374125 0.840299 0.392337 
C: 122.093086 120.641518 138.660858 
D: -0.723502 0.480693 0.495459 
C: 123.725014 119.026527 131.050705 
D: -0.767693 0.487193 0.416281 
C: 123.318611 115.998596 126.100250 
D: -0.015270 -0.103407 0.994522 
C: 59.970837 53.749409 53.537663 
D: -0.073125 -0.284803 0.955793 
C: 62.835213 56.589222 55.699322 
D: 0.087407 -0.066345 0.993961 
C: 60.200500 52.509686 53.416000 
D: 0.246074 -0.195036 0.949425 
C: 62.440666 55.161423 56.170311 
D: -0.124369 -0.530249 0.838671 
C: 71.840523 62.857040 63.631645 
D: -0.206416 -0.803936 0.557745 
C: 106.619278 94.362251 97.124199 
D: 0.388745 -0.321598 0.863396 
C: 68.354660 59.602894 61.286037 
D: 0.621606 -0.536556 0.570714 
C: 103.256119 90.865692 93.824677 
D: -0.391641 0.832279 -0.392337 
C: 147.655655 143.436768 160.997086 
D: -0.370945 0.788298 -0.490904 
C: 119.917809 115.139053 127.516037 
D: -0.758643 0.527271 -0.382683 
C: 146.028580 137.092239 148.560547 
D: -0.633205 0.594619 -0.495459 
C: 114.875275 109.285378 118.746712 
D: -0.466929 0.671823 -0.575005 
C: 88.811363 82.219994 88.542862 
D: -0.132505 0.153509 -0.979223 
C: 66.017014 57.385284 53.853634 
D: -0.688447 -0.101661 -0.718126 
C: 87.219879 77.674393 77.885689 
D: -0.125333 0.000000 -0.992115 
C: 65.160255 56.604496 50.122593 
D: -0.325336 -0.821705 -0.467930 
C: 124.338753 110.011688 113.975754 
D: -0.198935 -0.534920 -0.821149 
C: 73.017464 63.495213 64.619911 
D: 0.686756 -0.544316 -0.481754 
C: 119.836624 105.410721 109.114838 
D: 0.412862 -0.341549 -0.844328 
C: 71.016632 61.301571 63.520653 
D: -0.099986 -0.287122 -0.952661 
C: 62.905067 55.201138 54.303894 
D: -0.018482 -0.086952 -0.996041 
C: 60.261345 53.185261 52.501240 
D: 0.254025 -0.184560 -0.949425 
C: 64.343170 56.105850 57.199650 
D: 0.084565 -0.061440 -0.994522 
C: 61.180946 53.320774 54.895962 
