D: -0.127078 0.455143 0.881303 
C: 72.235382 56.246235 48.066174 
D: -0.135187 0.576372 -0.805928 
C: 80.683060 61.542358 56.893887 
D: -0.589785 -0.112508 0.799685 
C: 65.231651 57.826241 62.421741 
D: -0.538796 0.079563 -0.838671 
C: 71.498260 55.570114 52.583469 
D: -0.064500 0.088777 -0.993961 
C: 71.530983 53.218403 47.441879 
D: -0.018463 0.025412 -0.999507 
C: 68.532265 50.171761 43.730324 
D: -0.095693 0.072635 -0.992757 
C: 54.324844 48.666298 44.659065 
D: -0.029188 0.022155 -0.999328 
C: 45.926598 47.081554 46.646004 
