D: 0.589829 0.087098 -0.802817 
C: 27.167677 16.241320 13.416584 
D: 0.476586 0.070376 -0.876307 
C: 24.126799 15.055099 8.860090 
D: -0.450617 -0.156922 0.878817 
C: 21.201427 13.826604 12.296396 
D: -0.515505 0.679153 -0.522499 
C: 28.220198 20.108433 17.734221 
D: 0.416519 0.061506 -0.907044 
C: 19.075155 13.207082 7.650627 
D: 0.224846 0.062778 -0.972370 
C: 14.585308 12.913473 11.049692 
D: -0.095055 0.202003 -0.974761 
C: 16.355618 12.445774 11.137750 
D: 0.001862 0.088875 -0.996041 
C: 14.145879 12.383579 11.610565 
