D: -0.014316 0.055756 0.998342 
C: 16.615080 12.421732 10.756171 
D: 0.227716 0.886895 0.401948 
C: 28.502077 20.417479 17.786869 
D: -0.014336 0.015266 0.999781 
C: 18.197840 14.265591 11.585056 
D: -0.152627 0.155857 0.975917 
C: 15.008636 13.760859 11.775713 
D: 0.218796 0.724686 -0.653421 
C: 23.948118 18.122162 16.719852 
D: 0.095492 0.293893 -0.951057 
C: 15.996859 13.012450 12.143163 
D: -0.534241 0.568909 -0.625243 
C: 26.360336 19.689943 18.762054 
D: -0.138294 0.141221 -0.980271 
C: 16.515312 12.423137 10.900184 
D: -0.028717 0.022761 0.999328 
C: 9.462883 13.234294 14.368382 
D: -0.589748 0.428477 0.684547 
C: 14.249199 15.535509 17.294502 
D: -0.118184 -0.085865 0.989272 
C: 13.915083 11.651838 17.071949 
D: -0.518913 -0.746619 0.416281 
C: 29.138287 19.340282 16.114603 
D: -0.629382 0.477727 -0.612907 
C: 22.772015 17.355825 17.405621 
D: -0.166951 0.132323 -0.977046 
C: 16.107313 12.896846 11.056322 
D: -0.601659 -0.364377 -0.710799 
C: 23.131069 16.049446 14.868867 
D: -0.232985 -0.014658 -0.972370 
C: 14.546969 13.240921 13.074755 
D: -0.065263 0.113039 -0.991445 
C: 21.192747 16.409845 15.280256 
D: -0.047632 0.075056 -0.996041 
C: 23.341349 18.128735 16.911411 
D: -0.087339 0.097000 -0.991445 
C: 19.205605 13.462173 11.291708 
D: -0.059482 0.066061 -0.996041 
C: 20.676119 14.696939 12.165739 
D: -0.024402 0.040293 -0.998890 
C: 18.607475 14.337442 13.346798 
D: -0.008137 0.013435 -0.999877 
C: 18.057077 13.107262 11.786596 
D: -0.030780 0.035659 -0.998890 
C: 22.012005 16.030375 13.376648 
D: -0.010263 0.011890 -0.999877 
C: 22.247629 15.715846 12.904637 
D: -0.094955 0.096965 -0.990748 
C: 18.202557 12.729958 10.376080 
D: -0.069490 0.070961 -0.995056 
C: 15.975037 12.687913 10.324858 
D: -0.120522 0.072991 -0.990024 
C: 16.075512 15.420518 14.201030 
D: -0.083858 0.053218 -0.995056 
C: 14.760765 16.803051 17.340090 
D: -0.040275 0.041128 -0.998342 
C: 15.547115 13.169055 10.948298 
D: -0.010990 0.011222 -0.999877 
C: 15.232447 13.068895 10.706899 
D: -0.049238 0.029820 -0.998342 
C: 11.527911 14.647036 16.333763 
D: -0.013435 0.008137 -0.999877 
C: 11.540545 14.325335 15.896875 
