D: 0.080492 0.063615 0.994723 
C: 8093.163574 10997.470703 14444.572266 
D: 0.239238 0.186703 0.952842 
C: 8432.658203 11437.811523 14991.054688 
D: -0.027725 0.095605 0.995033 
C: 7819.347656 11031.774414 14652.815430 
D: -0.088139 0.284265 0.954686 
C: 8226.073242 11490.247070 15159.221680 
D: 0.417983 0.306040 0.855354 
C: 9445.023438 12780.796875 16712.453125 
D: 0.620576 0.472164 0.626056 
C: 12893.142578 17444.919922 22792.423828 
D: -0.128956 0.501738 0.855354 
C: 9206.777344 12720.212891 16803.746094 
D: -0.189704 0.757340 0.624859 
C: 12795.708984 17518.753906 22928.617188 
D: -0.114084 -0.022693 0.993212 
C: 8202.550781 10933.254883 14049.818359 
D: -0.305534 -0.037684 0.951435 
C: 8485.161133 11436.693359 14824.259766 
D: -0.012559 -0.101824 0.994723 
C: 8170.065918 10943.004883 14431.084961 
D: -0.029171 -0.296183 0.954686 
C: 8506.443359 11369.276367 14936.731445 
D: -0.509372 -0.028158 0.860085 
C: 9375.063477 12619.933594 16424.347656 
D: -0.783369 -0.019231 0.621260 
C: 13017.375977 17609.617188 22854.570313 
D: -0.116959 -0.492489 0.862424 
C: 9409.548828 12582.977539 16545.095703 
D: -0.154349 -0.775967 0.611597 
C: 13209.529297 17869.628906 23561.162109 
D: 0.707453 0.633335 -0.313682 
C: 18945.941406 25516.193359 33247.488281 
D: 0.456257 0.379149 -0.805031 
C: 10043.773438 13619.935547 17862.666016 
D: -0.363657 0.893413 -0.263755 
C: 20574.201172 27780.244141 36172.679688 
D: -0.225742 0.564485 -0.793975 
C: 9925.459961 13795.558594 18279.503906 
D: 0.282378 0.204103 -0.937339 
C: 8544.557617 11585.132813 15251.804688 
D: 0.089725 0.064019 -0.993907 
C: 8105.083984 10985.899414 14445.013672 
D: -0.101906 0.328665 -0.938932 
C: 8382.858398 11625.999023 15504.848633 
D: -0.027443 0.092506 -0.995334 
C: 7858.903320 10948.937500 14525.040039 
D: -0.952969 -0.135389 -0.271145 
C: 20126.064453 26957.992188 34794.371094 
D: -0.595047 -0.141314 -0.791169 
C: 10163.898438 13812.625000 18032.224609 
D: -0.029067 -0.947140 -0.319502 
C: 18100.177734 24449.324219 32264.853516 
D: -0.025947 -0.603732 -0.796765 
C: 10127.826172 13616.776367 17908.500000 
D: -0.361452 -0.112072 -0.925631 
C: 8730.440430 11754.737305 15371.048828 
D: -0.115353 -0.045312 -0.992291 
C: 8308.802734 11020.052734 14201.269531 
D: -0.070565 -0.379003 -0.922701 
C: 8703.119141 11776.851563 15696.499023 
D: -0.028869 -0.109530 -0.993564 
C: 8095.934570 10922.001953 14488.104492 
