D: 0.085599 0.115417 0.989622 
C: 44344.812500 20096.585938 7557.518066 
D: 0.309731 0.489119 0.815371 
C: 38707.515625 28094.859375 25270.166016 
D: -0.196720 0.073811 0.977677 
C: 42296.304688 21007.320313 9511.286133 
D: -0.607685 0.269368 0.747101 
C: 38923.511719 31477.332031 28219.328125 
D: 0.483804 0.612156 -0.625458 
C: 42171.378906 33328.781250 35410.222656 
D: 0.098317 0.113977 -0.988607 
C: 44509.640625 20197.023438 7582.853027 
D: -0.810398 0.570747 -0.132300 
C: 55511.527344 54270.187500 57493.816406 
D: -0.284452 0.105734 -0.952842 
C: 38284.804688 23105.513672 13108.400391 
