D: 0.606332 0.089535 -0.790155 
C: 20.502153 11.775561 9.471481 
D: 0.485638 0.071713 -0.871214 
C: 18.896845 11.294711 6.798329 
D: 0.740453 0.157388 -0.653421 
C: 13.053459 8.363418 8.151094 
D: 0.492998 0.083384 -0.866025 
C: 9.919522 6.292288 4.261928 
D: 0.444499 0.065638 -0.893371 
C: 15.383437 9.626973 5.125275 
D: 0.340950 0.043072 -0.939094 
C: 11.403953 9.728740 7.553686 
D: 0.449120 0.066320 -0.891007 
C: 13.762474 8.673833 5.025267 
D: 0.307131 0.065283 -0.949425 
C: 11.359051 9.102633 6.837603 
D: -0.175947 0.750155 0.637424 
C: 13.168352 9.771443 9.238819 
D: -0.011406 0.544520 -0.838671 
C: 10.249990 7.666643 6.764195 
D: 0.060812 -0.411815 0.909236 
C: 10.751226 6.468792 5.242544 
D: 0.087665 -0.834076 -0.544639 
C: 14.388522 8.711394 7.072359 
D: 0.159694 0.087793 -0.983255 
C: 9.545655 6.554628 4.813644 
D: 0.078402 0.076777 -0.993961 
C: 7.810094 6.547158 5.270357 
D: -0.048341 0.148778 -0.987688 
C: 7.441706 6.491735 6.394270 
D: -0.028381 0.067516 -0.997314 
C: 7.238144 6.809113 7.072705 
