D: 0.156297 0.006551 0.987688 
C: 17.288391 15.894732 23.813618 
D: 0.522040 0.021880 0.852640 
C: 18.009293 16.360641 27.949041 
D: 0.099124 0.006236 0.995056 
C: 11.767475 10.544602 15.010247 
D: 0.420205 0.026437 0.907044 
C: 12.361982 10.403143 19.933689 
D: 0.998780 0.041861 -0.026177 
C: 20.425396 19.502106 35.707321 
D: 0.652131 0.041029 -0.756995 
C: 16.788494 16.717287 31.969046 
D: 0.966672 0.060818 -0.248690 
C: 18.278837 17.683550 39.387920 
D: 0.635188 0.053338 -0.770513 
C: 14.328292 14.676103 33.895023 
D: 0.103956 0.010926 0.994522 
C: 16.795187 14.801750 22.077545 
D: 0.986680 0.103704 -0.125333 
C: 24.933113 22.260056 51.404591 
D: 0.260178 0.044006 0.964557 
C: 17.443146 13.149331 24.788523 
D: 0.925943 0.156612 -0.343660 
C: 25.740799 25.869520 58.382835 
D: 0.728530 0.076572 -0.680721 
C: 15.238914 15.634701 35.955189 
D: 0.571855 0.060104 -0.818150 
C: 14.823477 14.313632 30.195049 
D: 0.718760 0.121569 -0.684547 
C: 18.780048 18.665798 48.117359 
D: 0.558474 0.094459 -0.824126 
C: 17.679331 16.949547 40.783451 
D: 0.434372 0.027328 -0.900319 
C: 12.947990 12.354670 23.724533 
D: 0.303433 0.019090 -0.952661 
C: 12.821429 12.037560 20.886223 
D: 0.432847 0.045494 -0.900319 
C: 15.268152 14.225587 27.640121 
D: 0.302368 0.031780 -0.952661 
C: 14.859981 14.134477 25.427273 
D: 0.181876 0.011443 -0.983255 
C: 13.265231 12.329382 18.767612 
D: 0.057450 0.003614 -0.998342 
C: 13.494703 12.395363 17.061888 
D: 0.181237 0.019049 -0.983255 
C: 13.707073 13.101736 22.519802 
D: 0.057249 0.006017 -0.998342 
C: 14.715565 13.740422 18.828981 
D: 0.435220 0.064268 -0.898028 
C: 12.297920 12.106948 25.840136 
D: 0.310624 0.045869 -0.949425 
C: 12.053891 11.973166 22.180010 
D: 0.427522 0.081554 -0.900319 
C: 13.136669 13.857713 30.514837 
D: 0.313310 0.059767 -0.947768 
C: 13.015437 13.037374 25.822826 
D: 0.195537 0.028874 -0.980271 
C: 13.026854 12.933968 23.688158 
D: 0.062117 0.009173 -0.998027 
C: 14.054515 13.477055 20.355675 
D: 0.199195 0.037999 -0.979223 
C: 12.602118 11.660268 21.814053 
D: 0.071941 0.013723 -0.997314 
C: 13.392122 11.711266 19.980659 
D: 0.427739 0.284189 0.858065 
C: 14.165874 10.625454 31.025042 
D: 0.518944 0.377035 0.767165 
C: 12.864275 12.857434 27.429672 
D: 0.379000 0.420922 0.824126 
C: 16.982559 11.700746 33.321938 
D: 0.429543 0.497630 0.753563 
C: 14.439630 13.605360 24.922203 
D: 0.583672 0.405663 0.703395 
C: 15.130291 14.289599 39.111645 
D: 0.629957 0.437832 0.641450 
C: 16.052233 15.765182 38.589863 
D: 0.452261 0.523949 0.721760 
C: 13.937100 13.121815 22.892574 
D: 0.405618 0.639152 0.653421 
C: 15.971012 13.665242 21.909176 
D: 0.016631 0.396800 0.917755 
C: 19.875490 10.879130 6.328064 
D: -0.270668 0.446927 0.852640 
C: 25.862162 10.440190 6.257515 
D: -0.321283 -0.423275 0.847122 
C: 26.054739 9.428721 2.791293 
D: -0.488608 -0.421755 0.763796 
C: 24.459560 10.648373 1.767479 
D: -0.182176 0.709529 0.680721 
C: 28.710592 12.347053 12.993341 
D: -0.452896 0.623358 0.637424 
C: 32.733215 11.520767 7.672359 
D: -0.593896 -0.376898 0.710799 
C: 28.471537 11.099476 1.774092 
D: -0.697846 -0.293347 0.653421 
C: 37.423286 11.028882 1.688143 
D: 0.879893 0.245670 -0.406737 
C: 27.382723 25.437119 52.047474 
D: 0.719134 0.200786 -0.665230 
C: 20.230433 18.197493 33.719475 
D: 0.864730 0.301131 -0.401948 
C: 23.474861 23.476925 41.157711 
D: 0.711647 0.247822 -0.657375 
C: 17.671402 16.906706 33.783985 
D: 0.617820 0.172499 -0.767165 
C: 14.802898 13.371645 25.792931 
D: 0.342370 0.087906 -0.935444 
C: 12.069284 10.274961 26.995758 
D: 0.635577 0.221331 -0.739631 
C: 17.376163 16.679491 26.949299 
D: 0.547059 0.190506 -0.815128 
C: 16.624435 14.716698 29.408798 
D: 0.683953 0.454417 0.570714 
C: 16.782906 16.544903 37.626427 
D: 0.858616 0.495722 -0.130526 
C: 21.471724 19.889336 32.550941 
D: -0.285184 0.766837 0.575005 
C: 32.082592 13.331536 13.617454 
D: -0.739847 0.666161 -0.094108 
C: 37.261749 23.895964 28.944443 
D: 0.678721 0.319382 -0.661312 
C: 12.502362 12.216271 24.005936 
D: 0.465668 0.256003 -0.847122 
C: 15.957455 10.323900 21.513557 
D: -0.588296 0.507803 -0.629320 
C: 26.019876 14.061161 14.571169 
D: -0.292517 0.160813 -0.942641 
C: 24.305378 8.105843 5.326575 
