D: 0.358582 0.238241 0.902585 
C: 267.038788 244.152267 261.159515 
D: 0.557084 0.766761 0.318959 
C: 681.535706 660.495422 760.061035 
D: 0.000000 0.841511 0.540240 
C: 445.605347 428.913940 487.171814 
D: 0.059615 0.947552 0.313992 
C: 626.747192 621.782593 729.208252 
D: 0.585605 0.771505 -0.248690 
C: 800.251099 781.322571 895.767578 
D: 0.342759 0.227729 -0.911403 
C: 265.387665 245.155457 263.808624 
D: 0.079849 0.950894 -0.299041 
C: 663.871521 660.405273 764.244080 
D: 0.000000 0.805928 -0.592013 
C: 387.273376 368.124054 412.632813 
D: -0.460065 0.107907 0.881303 
C: 285.046570 250.169495 238.920380 
D: -0.585277 0.678049 0.444635 
C: 455.391418 440.801666 493.456360 
D: 0.072472 -0.194872 0.978148 
C: 240.082108 213.218246 214.027115 
D: 0.208612 -0.690955 0.692143 
C: 344.025909 302.367249 310.391724 
D: -0.560639 0.707350 -0.430511 
C: 489.640808 467.830353 514.866760 
D: -0.497553 0.221525 -0.838671 
C: 303.661407 270.787262 267.494659 
D: 0.194085 -0.755912 -0.625243 
C: 382.303345 335.053467 345.888733 
D: 0.068375 -0.196347 -0.978148 
C: 243.776062 213.489456 214.548248 
