D: 0.057450 0.003614 0.998342 
C: 6.397841 5.900618 8.613063 
D: 0.161462 0.006767 0.986856 
C: 6.527852 6.010107 8.992299 
D: 0.052152 0.004379 0.998630 
C: 8.942221 8.087924 11.123710 
D: 0.150730 0.012657 0.988494 
C: 9.184026 8.094739 12.146483 
D: 0.313717 0.013149 0.949425 
C: 10.125113 9.198052 14.663838 
D: 0.548541 0.022991 0.835807 
C: 10.400552 9.437866 16.305523 
D: 0.283019 0.023766 0.958820 
C: 6.096510 5.131275 8.865890 
D: 0.508037 0.031963 0.860742 
C: 6.117093 4.929543 10.754348 
D: 0.041545 0.005248 0.999123 
C: 6.603659 6.079529 8.313057 
D: 0.155201 0.019606 0.987688 
C: 7.326989 6.009275 10.712029 
D: 0.035995 0.006866 0.999328 
C: 5.790831 4.509255 6.972261 
D: 0.170561 0.047622 0.984196 
C: 6.825107 3.943851 8.817669 
D: 0.507628 0.279071 0.815128 
C: 8.084543 6.666793 18.185841 
D: 0.555040 0.352239 0.753563 
C: 7.741164 7.280315 15.211977 
D: 0.460643 0.365102 0.809017 
C: 5.866451 5.702623 16.280739 
D: 0.514126 0.390243 0.763796 
C: 6.133512 6.345251 13.016953 
D: 0.792657 0.033222 0.608761 
C: 8.036334 7.340959 13.966364 
D: 0.997904 0.062783 0.015707 
C: 11.963424 11.162725 21.603731 
D: 0.982166 0.187358 0.015707 
C: 20.280258 17.707209 36.920929 
D: 0.925945 0.176633 -0.333807 
C: 14.189975 14.097829 30.522026 
D: 0.895387 0.094109 -0.435231 
C: 10.487698 10.266815 22.551020 
D: 0.850678 0.089410 -0.518027 
C: 9.034721 9.006936 20.461643 
D: 0.857482 0.258889 -0.444635 
C: 11.350062 11.697791 24.386202 
D: 0.816249 0.246440 -0.522499 
C: 10.374109 9.467281 19.012909 
D: 0.617368 0.373891 0.692143 
C: 8.435412 8.083548 23.227232 
D: 0.681506 0.393468 0.617036 
C: 9.197384 9.385275 23.260368 
D: 0.583916 0.424240 0.692143 
C: 7.256733 6.743516 18.099791 
D: 0.629382 0.477727 0.612907 
C: 7.995082 8.009910 21.098280 
D: 0.887230 0.351279 -0.299041 
C: 13.087223 12.584461 19.956774 
D: 0.809245 0.300956 -0.504528 
C: 7.527869 8.276487 14.268411 
D: 0.708113 0.449382 0.544639 
C: 10.521925 10.563205 20.735399 
D: 0.889224 0.441415 -0.120137 
C: 11.665309 10.594482 17.285391 
D: 0.400220 0.375832 0.835807 
C: 7.381817 5.177143 17.007963 
D: 0.446719 0.437459 0.780430 
C: 6.207047 5.777420 14.744622 
D: 0.077549 0.364837 0.927836 
C: 10.805206 5.687745 3.196857 
D: 0.182128 0.489728 0.852640 
C: 8.695394 4.926319 8.624405 
D: 0.459941 0.469677 0.753563 
C: 8.206967 8.148378 16.579842 
D: 0.478953 0.489090 0.728969 
C: 7.714709 7.556173 13.609391 
D: 0.395058 0.520469 0.756995 
C: 8.103030 7.265268 12.845831 
D: 0.400118 0.550715 0.732543 
C: 7.321157 6.344841 10.267143 
D: 0.044506 0.423447 0.904827 
C: 9.863430 6.625248 4.174410 
D: 0.037206 0.443076 0.895712 
C: 10.258875 5.876690 4.108901 
D: -0.351421 -0.174447 0.919821 
C: 12.982682 3.945454 2.490355 
D: -0.454735 -0.330384 0.827081 
C: 14.281090 4.606448 1.142934 
D: -0.589851 -0.219363 0.777146 
C: 15.045573 5.783748 1.145350 
D: -0.636476 -0.251999 0.728969 
C: 16.685644 6.573324 1.148818 
D: -0.422390 -0.449800 0.786935 
C: 13.224827 5.434742 0.983036 
D: -0.480849 -0.470882 0.739631 
C: 14.180298 5.902725 1.079084 
D: 0.504989 0.515678 0.692143 
C: 7.183146 6.661861 13.239294 
D: 0.468074 0.590563 0.657375 
C: 8.303795 7.112001 12.075359 
D: 0.180393 0.702585 0.688355 
C: 9.337551 7.462519 9.965089 
D: 0.156675 0.737096 0.657375 
C: 9.091741 7.803747 9.093716 
D: 0.490803 0.619239 0.612907 
C: 8.197126 6.987823 13.557345 
D: 0.599832 0.790249 0.125333 
C: 11.681171 9.563283 15.022415 
D: 0.242175 0.745337 0.621148 
C: 8.818095 7.168269 9.463374 
D: 0.104437 0.993650 0.041876 
C: 13.724093 10.201430 11.788477 
D: -0.723059 0.137931 0.676876 
C: 23.612690 3.812157 0.578285 
D: -0.746896 0.175183 0.641450 
C: 23.676765 5.065638 0.611716 
D: -0.598143 -0.397405 0.695913 
C: 14.937982 6.290069 0.997438 
D: -0.644571 -0.390366 0.657375 
C: 15.337652 5.952669 0.957805 
D: -0.490418 0.738138 0.463296 
C: 20.785749 7.977447 7.584797 
D: -0.585277 0.678049 -0.444635 
C: 13.572104 10.596271 14.255773 
D: -0.781678 -0.115428 0.612907 
C: 20.295992 4.700831 0.730360 
D: -0.925745 -0.322378 -0.197657 
C: 22.056894 9.052496 8.603608 
D: 0.762289 0.047959 -0.645458 
C: 12.184779 12.385428 25.180431 
D: 0.628079 0.039515 -0.777146 
C: 10.986588 11.013494 22.631508 
D: 0.761117 0.063913 -0.645458 
C: 8.109104 8.410767 19.242678 
D: 0.625873 0.065782 -0.777146 
C: 7.991078 8.097435 17.490028 
D: 0.508037 0.031963 -0.860742 
C: 10.100897 9.852794 20.070522 
D: 0.401155 0.025239 -0.915663 
C: 9.954037 9.413180 17.511259 
D: 0.506253 0.053209 -0.860742 
C: 7.666187 7.268512 15.286028 
D: 0.399746 0.042015 -0.915663 
C: 7.762698 7.171076 13.506451 
D: 0.749435 0.078769 -0.657375 
C: 8.938532 9.149871 21.539440 
D: 0.612170 0.077335 -0.786935 
C: 8.925603 8.717845 17.913448 
D: 0.745479 0.110083 -0.657375 
C: 10.950010 11.109991 29.022488 
D: 0.606332 0.089535 -0.790155 
C: 10.818377 10.179707 24.265205 
D: 0.500549 0.063234 -0.863396 
C: 8.051789 7.461814 14.683854 
D: 0.399746 0.042015 -0.915663 
C: 8.044816 7.561049 14.106145 
D: 0.499115 0.073703 -0.863396 
C: 10.038437 9.612916 21.638336 
D: 0.397636 0.058718 -0.915663 
C: 9.580357 9.524092 19.561264 
D: 0.303433 0.019090 -0.952661 
C: 9.874101 9.278635 16.086641 
D: 0.212610 0.013376 -0.977046 
C: 9.364975 8.734348 13.958042 
D: 0.307324 0.032301 -0.951057 
C: 7.265111 6.815001 12.200832 
D: 0.216948 0.022802 -0.975917 
C: 7.222975 6.810207 11.835051 
D: 0.125086 0.007870 -0.992115 
C: 9.782574 9.037897 12.818522 
D: 0.041793 0.002629 -0.999123 
C: 9.672535 8.871985 12.178046 
D: 0.124894 0.010488 -0.992115 
C: 7.133404 6.661252 9.864135 
D: 0.041646 0.004377 -0.999123 
C: 7.276550 6.708215 8.739679 
D: 0.307324 0.032301 -0.951057 
C: 7.062906 6.794374 12.037525 
D: 0.222027 0.023336 -0.974761 
C: 6.892583 6.730602 12.159581 
D: 0.305702 0.045142 -0.951057 
C: 9.682588 9.608956 17.643866 
D: 0.220855 0.032613 -0.974761 
C: 9.092601 9.048364 16.546791 
D: 0.129811 0.013644 -0.991445 
C: 6.732173 6.482913 10.884117 
D: 0.041646 0.004377 -0.999123 
C: 7.117125 6.680919 8.979296 
D: 0.129126 0.019068 -0.991445 
C: 9.048781 8.911977 15.944519 
D: 0.041426 0.006117 -0.999123 
C: 9.980420 9.474331 13.338017 
D: 0.769278 0.180433 -0.612907 
C: 9.227250 8.983351 20.705832 
D: 0.702691 0.164815 -0.692143 
C: 8.688089 7.809176 16.579018 
D: 0.750245 0.226512 -0.621148 
C: 9.598766 8.470353 17.571850 
D: 0.687476 0.207561 -0.695913 
C: 9.913253 8.472482 14.375270 
D: 0.643839 0.151011 -0.750111 
C: 8.162498 7.341470 16.692726 
D: 0.574941 0.122207 -0.809017 
C: 6.771272 6.590014 16.895905 
D: 0.640572 0.193400 -0.743145 
C: 8.347749 7.303299 11.998991 
D: 0.574794 0.173541 -0.799685 
C: 7.867557 7.345016 13.347840 
D: 0.730796 0.254490 -0.633381 
C: 10.227454 9.794761 19.962469 
D: 0.664269 0.231323 -0.710799 
C: 9.799173 9.191563 15.475316 
D: 0.391847 0.678698 -0.621148 
C: 11.436019 8.889547 16.052155 
D: 0.532466 0.459613 -0.710799 
C: 9.475291 8.366488 14.678074 
D: 0.624527 0.217483 -0.750111 
C: 8.388270 8.255321 12.820033 
D: 0.567023 0.197458 -0.799685 
C: 8.334756 7.872582 13.673159 
D: 0.535013 0.388709 -0.750111 
C: 9.528735 8.511621 14.946534 
D: 0.375545 0.473820 -0.796530 
C: 11.483232 8.034723 15.748487 
D: 0.464181 0.088547 -0.881303 
C: 8.029826 8.323051 18.839247 
D: 0.327894 0.062549 -0.942641 
C: 8.139643 8.382154 15.923066 
D: 0.455090 0.086813 -0.886204 
C: 7.532260 7.967022 17.896551 
D: 0.323042 0.061623 -0.944376 
C: 7.821373 8.009128 15.556732 
D: 0.199195 0.037999 -0.979223 
C: 8.939622 8.780283 15.366190 
D: 0.072213 0.012214 -0.997314 
C: 9.531411 8.987394 14.198352 
D: 0.209257 0.039918 -0.977046 
C: 7.292468 6.846656 12.585406 
D: 0.077069 0.014702 -0.996917 
C: 7.980328 6.860235 11.980536 
D: 0.460065 0.107907 -0.881303 
C: 5.412198 5.728797 12.759686 
D: 0.367858 0.086280 -0.925871 
C: 5.632351 5.658154 12.737391 
D: 0.170362 0.489212 -0.855364 
C: 10.564975 5.892303 8.673163 
D: 0.198249 0.360613 -0.911403 
C: 9.413001 4.944374 10.799875 
D: 0.272894 0.058006 -0.960294 
C: 5.823075 5.257836 11.889994 
D: 0.112425 0.023897 -0.993373 
C: 6.756581 4.887192 10.977369 
D: -0.237884 0.172833 -0.955793 
C: 12.257384 3.774946 3.686684 
D: -0.046709 0.154706 -0.986856 
C: 11.442510 3.926733 6.008508 
