D: 0.150523 0.889946 0.430511 
C: 49.179184 36.201797 32.221001 
D: 0.089591 0.381971 -0.919821 
C: 35.281086 27.810818 25.667824 
D: -0.480520 0.533672 0.695913 
C: 37.889317 28.770542 25.539791 
D: -0.166406 0.184813 -0.968583 
C: 34.726288 24.994858 21.194664 
D: -0.047632 0.075056 -0.996041 
C: 35.657265 27.699110 25.766806 
D: -0.014026 0.022102 -0.999657 
C: 36.868259 27.180843 24.382011 
D: -0.059482 0.066061 -0.996041 
C: 39.135288 28.278954 23.375397 
D: -0.017516 0.019453 -0.999657 
C: 35.737625 26.331923 21.652271 
D: -0.035659 0.030780 0.998890 
C: 22.248755 26.464956 25.050262 
D: -0.601332 0.497465 -0.625243 
C: 45.577129 34.212765 33.187675 
D: -0.293356 -0.169369 0.940881 
C: 31.978867 26.619036 32.943119 
D: -0.681323 -0.412624 -0.604599 
C: 48.027203 34.496025 30.807238 
D: -0.096965 0.094955 -0.990748 
C: 31.575882 24.281799 19.902544 
D: -0.029919 0.029299 -0.999123 
C: 26.466085 24.834766 20.703238 
D: -0.149377 0.074151 -0.985996 
C: 30.087925 29.576496 28.496998 
D: -0.045862 0.025213 -0.998630 
C: 24.131613 31.337259 36.107208 
