D: 0.192756 0.090704 0.977046 
C: 121.816101 111.415085 118.749489 
D: 0.635650 0.349452 0.688355 
C: 170.781113 157.503799 169.020721 
D: 0.101231 0.530671 0.841511 
C: 150.090179 133.186905 139.398819 
D: -0.018508 0.883572 0.467930 
C: 234.347000 230.199661 265.997253 
D: 0.412549 0.831074 0.372988 
C: 316.415436 308.333160 357.855743 
D: 0.502420 0.829594 0.243615 
C: 436.118439 427.580872 498.902802 
D: -0.019176 0.915462 0.401948 
C: 254.926300 251.941833 293.747101 
D: 0.020049 0.957110 0.289032 
C: 342.739197 341.318390 400.927795 
D: -0.109710 0.002298 0.993961 
C: 121.524292 107.808586 99.139229 
D: -0.336299 -0.149730 0.929776 
C: 129.319321 113.651115 108.580498 
D: 0.075104 -0.113040 0.990748 
C: 119.568123 105.725418 107.051704 
D: 0.265347 -0.320750 0.909236 
C: 128.586426 113.161568 115.282135 
D: -0.531308 0.670343 0.518027 
C: 218.948456 208.324936 230.928741 
D: -0.456773 0.791154 0.406737 
C: 236.673080 231.001358 262.079437 
D: -0.083375 -0.659985 0.746638 
C: 159.026932 139.698334 141.651672 
D: -0.391859 -0.789394 0.472551 
C: 243.408859 216.858414 223.130951 
D: 0.531243 0.837105 -0.130526 
C: 637.180664 628.741516 730.061096 
D: 0.408985 0.823895 -0.392337 
C: 303.055847 297.332733 340.787872 
D: 0.020200 0.964346 -0.263873 
C: 354.694946 353.873718 410.158508 
D: -0.018807 0.897831 -0.439939 
C: 250.963516 246.891281 282.509796 
D: 0.622878 0.342430 -0.703395 
C: 166.659348 154.776047 166.650269 
D: 0.192756 0.090704 -0.977046 
C: 118.898903 110.836731 118.393867 
D: 0.000000 0.855364 -0.518027 
C: 197.083542 190.230057 213.639801 
D: 0.102602 0.437447 -0.893371 
C: 140.931183 124.140839 133.964554 
D: -0.436972 0.794849 -0.421036 
C: 269.199982 260.488983 290.940094 
D: -0.441691 0.729318 -0.522499 
C: 206.169327 195.500488 214.235153 
D: -0.580950 -0.702248 -0.411514 
C: 269.586731 242.569565 253.536316 
D: -0.220784 -0.679504 -0.699663 
C: 168.592300 149.480469 152.973633 
D: -0.355730 -0.176586 -0.917755 
C: 133.913879 115.321182 112.256157 
D: -0.093923 0.005909 -0.995562 
C: 120.653465 106.501083 98.076332 
D: 0.293594 -0.340132 -0.893371 
C: 134.874283 115.994438 118.733994 
D: 0.078916 -0.103968 -0.991445 
C: 119.376709 104.746971 106.306763 
