D: 0.403362 0.149934 0.902673 
C: 129.069183 156.307816 164.267441 
D: 0.891150 0.421483 0.167938 
C: 311.580261 421.800903 539.208923 
D: 0.122209 0.341550 0.931884 
C: 142.336441 151.059845 150.120621 
D: 0.354886 0.856771 0.374164 
C: 230.317902 286.914948 334.847534 
D: 0.836888 0.187929 -0.514103 
C: 194.136139 272.986847 360.910217 
D: 0.720901 0.171203 -0.671559 
C: 147.447342 205.976379 256.402710 
D: 0.667860 0.548099 -0.503538 
C: 203.894424 270.824707 367.413544 
D: 0.609148 0.429010 -0.667000 
C: 152.348145 205.522003 276.164764 
D: -0.227587 0.452138 0.862424 
C: 148.055847 158.662811 151.236313 
D: -0.456984 0.616172 0.641481 
C: 178.707764 210.531479 238.930283 
D: 0.003634 -0.296129 0.955141 
C: 172.557022 134.957535 97.586464 
D: -0.600898 -0.360164 0.713585 
C: 193.438675 180.635452 156.496429 
D: -0.312075 0.944666 0.101070 
C: 268.168518 329.215851 379.022003 
D: -0.222217 0.802989 -0.553017 
C: 198.279572 249.146210 285.452454 
D: -0.847535 0.268498 0.457813 
C: 273.345520 293.220581 280.663940 
D: -0.974210 -0.108038 -0.198098 
C: 343.243713 333.339172 304.684784 
D: 0.632757 0.142090 -0.761202 
C: 145.705643 193.704681 236.906052 
D: 0.542071 0.121726 -0.831470 
C: 136.686829 176.689148 208.156342 
D: 0.579969 0.257082 -0.773010 
C: 127.092331 179.023468 244.347015 
D: 0.478457 0.233521 -0.846491 
C: 122.065468 170.478241 211.619812 
D: 0.437076 0.126750 -0.890449 
C: 120.717354 156.617645 179.225433 
D: 0.259495 0.061626 -0.963776 
C: 115.483940 148.342255 162.567734 
D: 0.401348 0.214525 -0.890449 
C: 117.753288 161.190201 192.172836 
D: 0.271499 0.145119 -0.951435 
C: 118.731972 150.204025 167.025818 
D: 0.395371 0.324472 -0.859302 
C: 117.503685 160.995483 216.614517 
D: 0.325847 0.281078 -0.902673 
C: 111.605133 155.229523 185.714813 
D: -0.556534 0.238567 -0.795837 
C: 203.244415 164.806320 131.626038 
D: -0.225655 0.398337 -0.889048 
C: 161.071121 149.455261 135.253983 
D: 0.286298 0.240899 -0.927363 
C: 112.434395 151.171936 177.921982 
D: 0.179795 0.158982 -0.970772 
C: 113.322052 143.554214 161.151398 
D: -0.307850 0.000000 -0.951435 
C: 175.378479 135.146500 81.253777 
D: -0.128498 0.000000 -0.991710 
C: 163.105133 133.963730 87.213127 
