D: 0.104322 0.006563 0.994522 
C: 23.697193 21.457464 31.317333 
D: 0.424939 0.026735 0.904827 
C: 24.707659 21.782930 37.988075 
D: 0.103065 0.017432 0.994522 
C: 22.737955 17.317049 29.650328 
D: 0.513942 0.341462 0.786935 
C: 23.529966 21.601242 53.478104 
D: 0.989218 0.146075 0.010472 
C: 50.072708 46.385929 93.383202 
D: 0.859613 0.182716 -0.477159 
C: 39.139339 38.320301 81.232277 
D: 0.633358 0.420802 0.649448 
C: 29.747005 29.270901 77.837692 
D: 0.903327 0.425073 -0.057564 
C: 38.552067 37.844627 65.833923 
D: 0.268352 0.443102 0.855364 
C: 30.050074 19.261007 39.559315 
D: 0.437224 0.506529 0.743145 
C: 25.993845 24.262011 45.085537 
D: -0.397202 0.229325 0.888617 
C: 43.337814 18.591593 10.300590 
D: -0.551701 -0.350120 0.756995 
C: 53.829910 21.327162 3.976577 
D: 0.342668 0.655464 0.673013 
C: 31.289196 26.742094 40.952198 
D: 0.387482 0.870300 0.304033 
C: 40.234566 32.218254 47.434273 
D: -0.736182 -0.124516 0.665230 
C: 72.348549 19.574057 2.929889 
D: -0.928235 0.367514 0.057564 
C: 74.505333 31.639971 30.418287 
D: 0.700928 0.058859 -0.710799 
C: 31.135029 31.528915 65.349876 
D: 0.457041 0.038379 -0.888617 
C: 27.853296 26.525625 51.277679 
D: 0.686685 0.086749 -0.721760 
C: 30.053139 29.748697 71.334938 
D: 0.450411 0.056900 -0.891007 
C: 27.107229 26.091019 54.205784 
D: 0.262948 0.022080 -0.964557 
C: 25.885815 24.368828 41.229794 
D: 0.083384 0.007002 -0.996493 
C: 25.865192 23.931326 33.684628 
D: 0.266799 0.033705 -0.963163 
C: 25.229822 24.800232 44.938343 
D: 0.088193 0.011141 -0.996041 
C: 25.644283 24.574251 38.131798 
D: 0.729109 0.203571 -0.653421 
C: 30.302446 27.549753 57.400330 
D: 0.609549 0.156506 -0.777146 
C: 25.934252 23.888670 49.982193 
D: 0.594720 0.451417 -0.665230 
C: 34.306839 29.720240 53.722694 
D: 0.520100 0.361479 -0.773840 
C: 31.495045 26.608864 46.716263 
D: 0.394828 0.075318 -0.915663 
C: 22.876659 23.675793 49.769341 
D: 0.138405 0.026402 -0.990024 
C: 24.136646 22.346893 38.741703 
D: 0.327539 0.307580 -0.893371 
C: 27.963810 19.663445 39.151051 
D: 0.074256 0.199670 -0.977046 
C: 34.292809 16.799009 29.669390 
