D: 0.630718 0.585907 0.508830 
C: 803.454834 1003.752991 1174.309082 
D: 0.735880 0.348045 -0.580814 
C: 678.770020 928.062256 1223.176270 
D: -0.604372 0.037130 0.795837 
C: 683.024963 674.609558 634.375854 
D: -0.795384 0.605166 -0.033741 
C: 1059.182617 1177.201660 1220.083374 
D: 0.565633 0.186860 -0.803208 
C: 509.154968 689.044312 862.803711 
D: 0.347414 0.138934 -0.927363 
C: 455.699310 594.166504 675.786987 
D: -0.018729 0.508485 -0.860867 
C: 577.528503 612.110046 648.122192 
D: -0.091897 0.247228 -0.964590 
C: 553.030396 551.775879 495.987091 
