D: 0.331617 0.603210 0.725374 
C: 668.654297 624.675415 685.072327 
D: 0.274414 0.908904 0.313992 
C: 1290.703003 1270.500488 1482.729248 
D: -0.091979 -0.247323 0.964557 
C: 490.427490 432.692657 422.612793 
D: -0.851892 -0.035705 0.522499 
C: 839.548523 778.430847 838.741455 
D: 0.317661 0.912198 -0.258819 
C: 1488.674927 1470.095581 1697.884033 
D: 0.328108 0.541771 -0.773840 
C: 614.290039 571.408508 623.346619 
D: -0.866917 0.054542 -0.495459 
C: 882.630310 818.562988 879.279785 
D: -0.091751 -0.263473 -0.960294 
C: 500.161316 434.943573 427.936768 
