D: 0.056334 0.035673 0.997775 
C: 10715.294922 5052.418457 2104.639648 
D: 0.169633 0.114857 0.978791 
C: 10609.009766 5239.609863 2367.026611 
D: 0.022243 0.073324 0.997060 
C: 11563.283203 4867.578125 1514.358887 
D: 0.061649 0.212587 0.975195 
C: 11686.775391 5039.157227 1606.992798 
D: 0.308974 0.256757 0.915757 
C: 9461.351563 6052.655762 3877.346924 
D: 0.567932 0.418512 0.708732 
C: 8049.793457 8488.786133 11239.349609 
D: 0.095827 0.398072 0.912335 
C: 11367.472656 5664.697754 2207.360352 
D: 0.134523 0.676291 0.724247 
C: 10031.492188 8005.939453 8019.797852 
D: -0.079045 0.103232 0.991511 
C: 11300.587891 5006.715332 1876.871094 
D: -0.164223 0.239366 0.956940 
C: 11292.776367 5256.716309 1958.169922 
D: -0.110995 -0.034789 0.993212 
C: 9472.111328 5377.178711 3009.708496 
D: -0.290637 -0.044024 0.955820 
C: 10440.221680 5459.038086 2701.189209 
D: -0.257990 0.489873 0.832746 
C: 10731.816406 6651.180664 3913.382324 
D: -0.421391 0.688595 0.590141 
C: 7635.383301 10631.519531 13926.982422 
D: -0.451353 -0.113058 0.885154 
C: 10262.505859 6111.055176 3628.546387 
D: -0.665989 -0.235992 0.707649 
C: 10438.857422 8213.373047 6879.374023 
D: 0.798345 0.478510 -0.365613 
C: 8774.766602 11634.927734 18240.558594 
D: 0.321910 0.210834 -0.922997 
C: 10005.675781 5826.578613 3376.199463 
D: 0.275606 0.879335 -0.388345 
C: 11603.872070 10467.207031 11979.945313 
D: 0.123534 0.377831 -0.917596 
C: 11920.591797 5494.458008 1897.453979 
D: 0.191883 0.111833 -0.975025 
C: 10818.323242 5247.740234 2305.400879 
D: 0.063009 0.036464 -0.997347 
C: 10723.447266 5097.597168 2166.110840 
D: 0.083855 0.209686 -0.974166 
C: 11630.998047 5060.497070 1622.462891 
D: 0.027884 0.069726 -0.997176 
C: 11566.074219 4893.399414 1524.420044 
D: -0.432972 0.866780 0.247442 
C: 13891.542969 19053.972656 24766.904297 
D: -0.284943 0.693927 -0.661266 
C: 10672.706055 8792.280273 9612.035156 
D: -0.977125 0.197481 0.078918 
C: 18993.802734 17727.542969 16642.640625 
D: -0.761443 -0.089175 -0.642069 
C: 12174.082031 8911.792969 6818.298340 
D: -0.112091 0.436122 -0.892879 
C: 10759.591797 5975.856934 2792.424805 
D: -0.053168 0.159300 -0.985798 
C: 10461.494141 5227.227051 2381.591064 
D: -0.352098 -0.227530 -0.907886 
C: 8717.963867 6292.153320 4266.328125 
D: -0.113795 -0.076036 -0.990590 
C: 8428.689453 5657.512695 3694.636719 
