D: 0.830256 0.102402 0.547894 
C: 109.652718 146.535599 178.981216 
D: 0.859170 0.127446 -0.495565 
C: 121.268112 165.361343 198.120956 
D: 0.963096 0.241243 0.119365 
C: 106.725174 144.951172 201.972275 
D: 0.790585 0.208374 -0.575808 
C: 87.180283 124.884171 166.650024 
D: 0.698128 0.112330 -0.707107 
C: 85.129219 111.784042 131.635178 
D: 0.600230 0.096578 -0.793975 
C: 79.099388 99.750465 117.104500 
D: 0.681493 0.188594 -0.707107 
C: 70.940613 102.321304 130.930817 
D: 0.583577 0.161498 -0.795837 
C: 69.354980 94.065773 117.025063 
D: 0.923723 0.382619 0.018407 
C: 103.733902 143.797745 195.449829 
D: 0.743752 0.308072 -0.593232 
C: 80.540764 115.858253 162.572205 
D: 0.727243 0.525651 0.441371 
C: 127.842384 163.310104 185.529007 
D: 0.724655 0.434342 -0.534998 
C: 96.344147 128.156601 185.024429 
D: 0.655665 0.252918 -0.711432 
C: 72.587494 104.930099 139.433548 
D: 0.564937 0.217920 -0.795837 
C: 67.467575 93.892578 118.686356 
D: 0.631218 0.337393 -0.698376 
C: 70.508774 98.795021 140.901413 
D: 0.530470 0.291968 -0.795837 
C: 61.331688 86.199936 125.930771 
D: 0.521998 0.117219 -0.844854 
C: 66.736191 86.237526 100.161980 
D: 0.466519 0.110791 -0.877545 
C: 65.782730 84.970894 97.327629 
D: 0.484352 0.214698 -0.848120 
C: 64.929855 91.433960 112.027138 
D: 0.433427 0.192125 -0.880471 
C: 66.067337 89.068298 105.046280 
D: 0.384419 0.086324 -0.919114 
C: 60.149731 77.554405 87.401352 
D: 0.195182 0.033867 -0.980182 
C: 57.070755 73.535065 79.537407 
D: 0.375597 0.166491 -0.911706 
C: 60.599377 80.481010 92.333817 
D: 0.237106 0.108602 -0.965394 
C: 62.799503 77.952507 85.777550 
D: 0.440961 0.264302 -0.857729 
C: 59.451763 81.566750 102.758560 
D: 0.383292 0.229736 -0.894599 
C: 58.157295 79.017433 94.437347 
D: 0.398623 0.303292 -0.865514 
C: 64.506042 88.933792 117.951752 
D: 0.335972 0.268894 -0.902673 
C: 62.175213 87.701019 102.806885 
D: 0.316114 0.200177 -0.927363 
C: 59.789482 78.974258 89.873123 
D: 0.217830 0.137939 -0.966190 
C: 60.208420 77.229141 84.377014 
D: 0.293626 0.240973 -0.925049 
C: 63.645668 86.878220 100.481697 
D: 0.224343 0.179552 -0.957826 
C: 62.403671 79.776047 90.451660 
D: 0.061103 0.133403 0.989177 
C: 62.897453 69.225258 70.002327 
D: 0.238396 0.537813 0.808656 
C: 80.854294 85.235184 85.370895 
D: -0.054434 0.338309 0.939459 
C: 70.200737 73.701393 69.240578 
D: -0.076489 0.620160 0.780737 
C: 77.130241 88.670242 93.300682 
D: 0.217984 0.751682 0.622461 
C: 91.469429 109.545853 125.271835 
D: 0.430688 0.830106 0.354164 
C: 142.890137 182.278244 220.118698 
D: -0.291319 0.728466 0.620057 
C: 89.766708 110.485107 132.315002 
D: -0.395927 0.811209 0.430326 
C: 135.967377 157.118057 167.263580 
D: -0.397324 0.063930 0.915449 
C: 79.729614 73.795654 59.562668 
D: -0.648381 0.214196 0.730563 
C: 89.230461 93.114342 84.457397 
D: 0.094101 -0.156999 0.983105 
C: 86.323822 64.717720 45.066879 
D: 0.255862 -0.493146 0.831470 
C: 100.961166 77.479118 54.528572 
D: -0.636226 0.471857 0.610383 
C: 102.218742 119.235191 128.193329 
D: -0.726569 0.552809 0.408044 
C: 155.873932 169.258881 170.194702 
D: -0.765695 -0.047042 0.641481 
C: 99.193184 102.012779 99.314697 
D: -0.922895 -0.136898 0.359895 
C: 184.764725 180.318542 154.227966 
D: 0.412149 0.818800 -0.399624 
C: 135.317352 166.444748 190.125565 
D: 0.302966 0.453421 -0.838225 
C: 70.460617 79.569817 95.681847 
D: -0.066307 0.898907 -0.433094 
C: 118.997490 160.710983 196.013107 
D: -0.026265 0.713101 -0.700569 
C: 89.419182 96.580360 103.305046 
D: 0.310025 0.325630 -0.893224 
C: 57.018658 79.296822 98.776169 
D: 0.216296 0.227183 -0.949528 
C: 57.221840 75.339951 92.714943 
D: 0.162556 0.392445 -0.905297 
C: 71.333900 75.063805 74.931717 
D: 0.048891 0.154327 -0.986809 
C: 69.016945 69.907112 58.810375 
D: -0.449997 0.794357 -0.408044 
C: 130.599030 164.929977 193.900085 
D: -0.375533 0.682298 -0.627252 
C: 107.852882 108.592171 104.022720 
D: -0.743243 -0.509922 -0.433094 
C: 156.269821 148.360413 132.333206 
D: -0.327795 -0.531977 -0.780737 
C: 106.811394 81.840553 58.387310 
D: -0.354843 0.243449 -0.902673 
C: 94.966805 70.458656 38.669003 
D: -0.146676 0.114467 -0.982539 
C: 86.390907 66.442139 32.307186 
D: -0.004557 -0.371289 -0.928506 
C: 93.921783 68.556503 43.842896 
D: 0.018930 -0.139379 -0.990058 
C: 87.826508 63.956333 40.140347 
