D: 0.650323 0.096031 -0.753563 
C: 13.136979 7.558923 6.714893 
D: 0.512470 0.075675 -0.855364 
C: 12.032074 6.910095 4.479258 
D: 0.616487 0.104271 -0.780430 
C: 6.386694 3.759629 4.354242 
D: 0.515182 0.087136 -0.852640 
C: 6.558695 3.666002 2.632924 
D: 0.485638 0.071713 -0.871214 
C: 9.521739 5.728972 3.408362 
D: 0.462910 0.068357 -0.883766 
C: 8.734680 5.321691 2.913641 
D: 0.484029 0.081867 -0.871214 
C: 9.883173 5.830245 3.903282 
D: 0.462910 0.068357 -0.883766 
C: 10.562160 6.496708 3.943828 
D: -0.021537 0.112901 0.993373 
C: 3.925043 3.051712 3.068273 
D: -0.313594 0.599850 0.736097 
C: 6.060475 4.075728 3.832588 
D: 0.054250 -0.211290 0.975917 
C: 4.901810 2.951687 2.434580 
D: 0.234593 -0.630803 0.739631 
C: 6.497444 3.863208 3.058815 
D: 0.774340 0.404815 -0.486335 
C: 8.285045 5.897078 5.469153 
D: 0.497407 0.127713 -0.858065 
C: 3.870386 3.276825 2.829058 
D: -0.962908 -0.183685 -0.197657 
C: 10.294062 7.580390 6.808065 
D: -0.235905 -0.561195 -0.793353 
C: 6.092515 3.590970 2.885070 
D: 0.435220 0.064268 -0.898028 
C: 8.618115 5.455069 2.861258 
D: 0.398778 0.050377 -0.915663 
C: 8.105129 5.534218 3.226444 
D: 0.439865 0.064954 -0.895712 
C: 6.992001 4.437440 2.511624 
D: 0.402373 0.059417 -0.913545 
C: 6.622316 4.741809 2.841707 
D: 0.325339 0.048042 -0.944376 
C: 4.253094 4.461881 3.714968 
D: 0.165596 0.046235 -0.985109 
C: 4.594102 4.082213 3.967173 
D: 0.210508 0.088490 -0.973579 
C: 4.806670 3.546889 2.632545 
D: 0.144211 0.060621 -0.987688 
C: 4.524083 3.342947 2.531331 
D: 0.125798 0.145738 -0.981293 
C: 4.026238 3.406180 3.082665 
D: 0.083372 0.119956 -0.989272 
C: 4.600511 3.452633 2.852724 
D: -0.310366 -0.122883 -0.942641 
C: 4.820305 3.212654 2.816300 
D: -0.157440 0.119503 -0.980271 
C: 4.141690 3.412663 3.339628 
D: 0.075776 0.099832 -0.992115 
C: 4.666913 3.376729 2.568302 
D: 0.040644 0.067111 -0.996917 
C: 3.768447 3.952785 3.743528 
D: -0.021537 0.112901 -0.993373 
C: 3.991789 3.519921 3.259549 
D: -0.038151 0.035826 -0.998630 
C: 3.825064 3.505635 3.875787 
